[
  31, 13, 16, 36, 7,
  34,  5, 30, 26, 2
]
[
   0, 14, 27, 16, 29, 21, 31,  8, 34, 35, 38,  2,
  39,  6,  8, 17,  0, 24, 11,  5, 27, 28,  9,  4,
  35, 18, 19, 39,  8, 10, 38, 37,  1, 23, 14, 35,
  25, 23, 39, 21, 23, 18, 15, 29,  9, 18, 36, 27,
   8, 27, 12, 11, 29,  4, 24, 19, 27,  9, 19, 12,
   5, 21, 20, 30, 25, 30, 24, 18, 31,  8,  1, 13,
   9, 15,  0, 25, 22, 25, 32, 39, 11, 16, 35, 32,
  23, 23,  8,  0, 18, 34, 38, 25, 27, 13,  9, 10,
   0,  8,  0, 11
]
[
  38, 16, 20, 14, 35, 27,  8, 11,  3, 25, 33, 15,
  21, 33, 27, 19, 32, 21, 28, 36,  1,  2, 38, 30,
   3, 23, 38, 15, 22, 14, 33, 13, 17, 15, 16, 27,
   1, 31, 29, 36, 23,  3, 38, 12, 13, 17, 29, 16,
  29, 13, 13, 18,  7, 13, 27, 32, 21, 23,  7,  9,
  28, 35,  8, 18, 19,  4, 17, 25, 33, 18, 30,  7,
   3, 19, 18, 11,  9,  7, 28, 23, 15,  9, 13, 12,
  34, 11,  7, 15,  6, 33,  4,  2, 11, 24, 10,  8,
  19, 10, 12, 12
]
